【请输入个边的信息】：
【转换字符为空 用 “#” 表示 ，“$”表示结束输入】
0 # 1
1 # 2
2 a 3
3 # 6
1 # 4
4 b 5
5 # 6
6 # 7
7 a 8
8 b 9
9 b 10
6 # 1
0 # 7
$
【请输入起始节点的信息】：
0
【请输入终止节点的信息】：
10
【****子集转换关系****】：
[0, 1, 2, 4, 7]-- “a” -->[1, 2, 3, 4, 6, 7, 8]
[0]-- “#” -->[0, 1, 2, 4, 7]
[1, 2, 4, 5, 6, 7, 9]-- “b” -->[1, 10, 2, 4, 5, 6, 7]
[1, 2, 3, 4, 6, 7, 8]-- “b” -->[1, 2, 4, 5, 6, 7]
[1, 2, 4, 5, 6, 7]-- “b” -->[1, 2, 4, 5, 6, 7, 9]
【****所构造的子集****】：
A:  [0, 1, 2, 4, 7]
B:  [1, 2, 3, 4, 6, 7, 8]
C:  [1, 2, 4, 5, 6, 7]
D:  [1, 2, 4, 5, 6, 7, 9]
E:  [1, 10, 2, 4, 5, 6, 7]
【****终态****】：
E:  [1, 10, 2, 4, 5, 6, 7]
